0 12.000000
1 8.000000
2 4.000000
3 0.000000
4 0.000000
5 0.000000
6 -4.000000
7 -8.000000
8 -8.000000
9 -12.000000
10 -16.000000
11 -20.000000
12 -20.000000
13 -20.000000
14 -24.000000
15 -24.000000
16 -24.000000
17 -28.000000
18 -32.000000
19 -36.000000
20 -40.000000
21 -40.000000
22 -40.000000
23 -40.000000
24 -40.000000
25 -40.000000
26 -40.000000
27 -40.000000
28 -40.000000
29 -40.000000
30 -40.000000
31 -44.000000
32 -44.000000
33 -48.000000
34 -52.000000
35 -52.000000
36 -60.000000
37 -60.000000
38 -60.000000
39 -60.000000
40 -60.000000
41 -60.000000
42 -60.000000
43 -60.000000
44 -60.000000
45 -60.000000
46 -60.000000
47 -60.000000
48 -60.000000
49 -60.000000
50 -60.000000
51 -60.000000
52 -60.000000
53 -60.000000
54 -60.000000
55 -60.000000
56 -60.000000
57 -60.000000
58 -60.000000
59 -60.000000
60 -60.000000
61 -60.000000
62 -60.000000
63 -60.000000
64 -60.000000
65 -60.000000
66 -60.000000
67 -60.000000
68 -64.000000
69 -68.000000
70 -68.000000
71 -68.000000
72 -68.000000
73 -72.000000
74 -72.000000
75 -72.000000
76 -72.000000
77 -72.000000
78 -72.000000
79 -72.000000
80 -72.000000
81 -72.000000
82 -72.000000
83 -72.000000
84 -72.000000
85 -72.000000
86 -72.000000
87 -76.000000
88 -76.000000
89 -76.000000
90 -76.000000
91 -80.000000
92 -88.000000
93 -88.000000
94 -88.000000
95 -88.000000
96 -88.000000
97 -92.000000
98 -96.000000
99 -96.000000
100 -96.000000
101 -96.000000
102 -96.000000
103 -96.000000
104 -96.000000
105 -96.000000
106 -96.000000
107 -100.000000
108 -100.000000
109 -100.000000
110 -100.000000
111 -100.000000
112 -100.000000
113 -100.000000
114 -100.000000
115 -100.000000
116 -108.000000
117 -108.000000
118 -108.000000
119 -108.000000
120 -108.000000
121 -108.000000
122 -108.000000
123 -108.000000
124 -108.000000
125 -108.000000
126 -108.000000
127 -108.000000
128 -108.000000
129 -108.000000
130 -108.000000
131 -108.000000
132 -108.000000
133 -108.000000
134 -108.000000
135 -108.000000
136 -116.000000
137 -116.000000
138 -116.000000
139 -116.000000
140 -116.000000
141 -116.000000
142 -120.000000
143 -120.000000
144 -120.000000
145 -120.000000
146 -120.000000
147 -120.000000
148 -120.000000
149 -120.000000
150 -120.000000
151 -120.000000
152 -120.000000
153 -120.000000
154 -120.000000
155 -120.000000
156 -124.000000
157 -124.000000
158 -124.000000
159 -124.000000
160 -124.000000
161 -124.000000
162 -124.000000
163 -124.000000
164 -124.000000
165 -124.000000
166 -124.000000
167 -128.000000
168 -128.000000
169 -128.000000
170 -128.000000
171 -128.000000
172 -128.000000
173 -128.000000
174 -128.000000
175 -128.000000
176 -128.000000
177 -128.000000
178 -132.000000
179 -132.000000
180 -132.000000
181 -132.000000
182 -132.000000
183 -132.000000
184 -132.000000
185 -132.000000
186 -132.000000
187 -132.000000
188 -132.000000
189 -132.000000
190 -132.000000
191 -132.000000
192 -132.000000
193 -132.000000
194 -132.000000
195 -132.000000
196 -132.000000
197 -132.000000
198 -132.000000
199 -132.000000
200 -136.000000
201 -136.000000
202 -136.000000
203 -136.000000
204 -136.000000
205 -136.000000
206 -136.000000
207 -136.000000
208 -136.000000
209 -136.000000
210 -136.000000
211 -136.000000
212 -140.000000
213 -144.000000
214 -144.000000
215 -144.000000
216 -144.000000
217 -144.000000
218 -144.000000
219 -144.000000
220 -144.000000
221 -144.000000
222 -144.000000
223 -144.000000
224 -152.000000
225 -152.000000
226 -152.000000
227 -152.000000
228 -152.000000
229 -152.000000
230 -152.000000
231 -152.000000
232 -152.000000
233 -152.000000
234 -152.000000
235 -152.000000
236 -152.000000
237 -152.000000
238 -152.000000
239 -152.000000
240 -152.000000
241 -152.000000
242 -152.000000
243 -152.000000
244 -152.000000
245 -152.000000
246 -152.000000
247 -152.000000
248 -152.000000
249 -152.000000
250 -152.000000
251 -160.000000
252 -160.000000
253 -160.000000
254 -160.000000
255 -160.000000
256 -160.000000
257 -160.000000
258 -160.000000
259 -160.000000
260 -160.000000
261 -160.000000
262 -160.000000
263 -160.000000
264 -160.000000
265 -160.000000
266 -160.000000
267 -160.000000
268 -160.000000
269 -160.000000
270 -160.000000
271 -160.000000
272 -160.000000
273 -160.000000
274 -160.000000
275 -160.000000
276 -160.000000
277 -160.000000
278 -160.000000
279 -160.000000
280 -160.000000
281 -160.000000
282 -160.000000
283 -160.000000
284 -160.000000
285 -160.000000
286 -160.000000
287 -160.000000
288 -160.000000
289 -160.000000
290 -160.000000
291 -160.000000
292 -160.000000
293 -160.000000
294 -160.000000
295 -160.000000
296 -160.000000
297 -160.000000
298 -160.000000
299 -160.000000
300 -160.000000
301 -160.000000
302 -160.000000
303 -160.000000
304 -160.000000
305 -160.000000
306 -160.000000
307 -160.000000
308 -160.000000
309 -160.000000
310 -160.000000
311 -160.000000
312 -160.000000
313 -160.000000
314 -160.000000
315 -160.000000
316 -160.000000
317 -160.000000
318 -160.000000
319 -160.000000
320 -160.000000
321 -160.000000
322 -160.000000
323 -160.000000
324 -160.000000
325 -160.000000
326 -160.000000
327 -160.000000
328 -160.000000
329 -160.000000
330 -160.000000
331 -160.000000
332 -160.000000
333 -160.000000
334 -160.000000
335 -160.000000
336 -160.000000
337 -160.000000
338 -160.000000
339 -160.000000
340 -160.000000
341 -160.000000
342 -160.000000
343 -160.000000
344 -168.000000
345 -168.000000
346 -168.000000
347 -168.000000
348 -168.000000
349 -168.000000
350 -168.000000
351 -168.000000
352 -168.000000
353 -168.000000
354 -168.000000
355 -168.000000
356 -168.000000
357 -168.000000
358 -168.000000
359 -168.000000
360 -168.000000
361 -168.000000
362 -168.000000
363 -168.000000
364 -168.000000
365 -168.000000
366 -168.000000
367 -168.000000
368 -168.000000
369 -168.000000
370 -168.000000
371 -168.000000
372 -168.000000
373 -168.000000
374 -168.000000
375 -168.000000
376 -168.000000
377 -168.000000
378 -168.000000
379 -168.000000
380 -168.000000
381 -168.000000
382 -168.000000
383 -168.000000
384 -168.000000
385 -168.000000
386 -168.000000
387 -168.000000
388 -168.000000
389 -168.000000
390 -168.000000
391 -168.000000
392 -168.000000
393 -168.000000
394 -168.000000
395 -168.000000
396 -168.000000
397 -168.000000
398 -168.000000
399 -168.000000
400 -168.000000
401 -168.000000
402 -168.000000
403 -168.000000
404 -168.000000
405 -168.000000
406 -168.000000
407 -168.000000
408 -168.000000
409 -168.000000
410 -168.000000
411 -168.000000
412 -168.000000
413 -168.000000
414 -168.000000
415 -168.000000
416 -168.000000
417 -168.000000
418 -168.000000
419 -168.000000
420 -168.000000
421 -168.000000
422 -168.000000
423 -168.000000
424 -168.000000
425 -168.000000
426 -168.000000
427 -168.000000
428 -168.000000
429 -168.000000
430 -168.000000
431 -168.000000
432 -168.000000
433 -168.000000
434 -168.000000
435 -168.000000
436 -168.000000
437 -168.000000
438 -168.000000
439 -168.000000
440 -168.000000
441 -168.000000
442 -168.000000
443 -168.000000
444 -168.000000
445 -168.000000
446 -168.000000
447 -168.000000
448 -168.000000
449 -168.000000
450 -168.000000
451 -168.000000
452 -168.000000
453 -168.000000
454 -168.000000
455 -168.000000
456 -168.000000
457 -168.000000
458 -168.000000
459 -168.000000
460 -168.000000
461 -168.000000
462 -168.000000
463 -168.000000
464 -168.000000
465 -168.000000
466 -168.000000
467 -168.000000
468 -168.000000
469 -168.000000
470 -168.000000
471 -168.000000
472 -168.000000
473 -168.000000
474 -168.000000
475 -168.000000
476 -168.000000
477 -168.000000
478 -168.000000
479 -168.000000
480 -168.000000
481 -168.000000
482 -168.000000
483 -168.000000
484 -168.000000
485 -168.000000
486 -168.000000
487 -168.000000
488 -168.000000
489 -168.000000
490 -168.000000
491 -168.000000
492 -168.000000
493 -168.000000
494 -168.000000
495 -168.000000
496 -168.000000
497 -168.000000
498 -168.000000
499 -168.000000
500 -168.000000
501 -168.000000
502 -168.000000
503 -168.000000
504 -168.000000
505 -168.000000
506 -168.000000
507 -168.000000
508 -168.000000
509 -168.000000
510 -168.000000
511 -168.000000
512 -168.000000
513 -168.000000
514 -168.000000
515 -168.000000
516 -168.000000
517 -168.000000
518 -168.000000
519 -168.000000
520 -168.000000
521 -168.000000
522 -168.000000
523 -168.000000
524 -168.000000
525 -168.000000
526 -168.000000
527 -168.000000
528 -168.000000
529 -168.000000
530 -168.000000
531 -168.000000
532 -168.000000
533 -168.000000
534 -168.000000
535 -168.000000
536 -168.000000
537 -168.000000
538 -168.000000
539 -168.000000
540 -168.000000
541 -168.000000
542 -168.000000
543 -168.000000
544 -168.000000
545 -168.000000
546 -168.000000
547 -168.000000
548 -168.000000
549 -168.000000
550 -168.000000
551 -168.000000
552 -168.000000
553 -168.000000
554 -168.000000
555 -168.000000
556 -168.000000
557 -168.000000
558 -168.000000
559 -168.000000
560 -168.000000
561 -168.000000
562 -168.000000
563 -168.000000
564 -168.000000
565 -168.000000
566 -168.000000
567 -168.000000
568 -168.000000
569 -168.000000
570 -168.000000
571 -168.000000
572 -168.000000
573 -168.000000
574 -168.000000
575 -168.000000
576 -168.000000
577 -168.000000
578 -168.000000
579 -168.000000
580 -168.000000
581 -168.000000
582 -168.000000
583 -168.000000
584 -168.000000
585 -168.000000
586 -168.000000
587 -168.000000
588 -168.000000
589 -168.000000
590 -168.000000
591 -168.000000
592 -168.000000
593 -168.000000
594 -168.000000
595 -168.000000
596 -168.000000
597 -168.000000
598 -168.000000
599 -168.000000
600 -168.000000
601 -168.000000
602 -168.000000
603 -168.000000
604 -168.000000
605 -168.000000
606 -168.000000
607 -168.000000
608 -168.000000
609 -168.000000
610 -168.000000
611 -168.000000
612 -168.000000
613 -168.000000
614 -168.000000
615 -168.000000
616 -168.000000
617 -168.000000
618 -168.000000
619 -168.000000
620 -168.000000
621 -168.000000
622 -168.000000
623 -168.000000
624 -168.000000
625 -168.000000
626 -168.000000
627 -168.000000
628 -168.000000
629 -168.000000
630 -168.000000
631 -168.000000
632 -168.000000
633 -168.000000
634 -168.000000
635 -168.000000
636 -172.000000
637 -172.000000
638 -176.000000
639 -176.000000
640 -176.000000
641 -176.000000
642 -176.000000
643 -176.000000
644 -176.000000
645 -176.000000
646 -176.000000
647 -176.000000
648 -176.000000
649 -176.000000
650 -176.000000
651 -176.000000
652 -176.000000
653 -176.000000
654 -176.000000
655 -176.000000
656 -176.000000
657 -176.000000
658 -176.000000
659 -176.000000
660 -176.000000
661 -176.000000
662 -176.000000
663 -176.000000
664 -176.000000
665 -176.000000
666 -176.000000
667 -176.000000
668 -176.000000
669 -176.000000
670 -176.000000
671 -176.000000
672 -176.000000
673 -176.000000
674 -176.000000
675 -176.000000
676 -176.000000
677 -176.000000
678 -176.000000
679 -176.000000
680 -176.000000
681 -176.000000
682 -176.000000
683 -176.000000
684 -176.000000
685 -176.000000
686 -176.000000
687 -176.000000
688 -176.000000
689 -176.000000
690 -176.000000
691 -176.000000
692 -176.000000
693 -176.000000
694 -176.000000
695 -176.000000
696 -176.000000
697 -176.000000
698 -176.000000
699 -176.000000
700 -176.000000
701 -176.000000
702 -176.000000
703 -176.000000
704 -176.000000
705 -176.000000
706 -176.000000
707 -176.000000
708 -176.000000
709 -176.000000
710 -176.000000
711 -176.000000
712 -176.000000
713 -176.000000
714 -176.000000
715 -176.000000
716 -176.000000
717 -176.000000
718 -176.000000
719 -176.000000
720 -176.000000
721 -176.000000
722 -176.000000
723 -176.000000
724 -176.000000
725 -176.000000
726 -176.000000
727 -176.000000
728 -176.000000
729 -176.000000
730 -176.000000
731 -176.000000
732 -176.000000
733 -180.000000
734 -180.000000
735 -180.000000
736 -180.000000
737 -180.000000
738 -180.000000
739 -180.000000
740 -180.000000
741 -180.000000
742 -180.000000
743 -180.000000
744 -180.000000
745 -180.000000
746 -180.000000
747 -180.000000
748 -180.000000
749 -180.000000
750 -180.000000
751 -180.000000
752 -180.000000
753 -180.000000
754 -180.000000
755 -180.000000
756 -180.000000
757 -180.000000
758 -180.000000
759 -180.000000
760 -180.000000
761 -180.000000
762 -180.000000
763 -180.000000
764 -180.000000
765 -180.000000
766 -180.000000
767 -180.000000
768 -180.000000
769 -180.000000
770 -180.000000
771 -180.000000
772 -180.000000
773 -180.000000
774 -180.000000
775 -180.000000
776 -180.000000
777 -180.000000
778 -180.000000
779 -180.000000
780 -180.000000
781 -180.000000
782 -180.000000
783 -180.000000
784 -180.000000
785 -180.000000
786 -180.000000
787 -180.000000
788 -180.000000
789 -180.000000
790 -180.000000
791 -180.000000
792 -180.000000
793 -180.000000
794 -180.000000
795 -180.000000
796 -180.000000
797 -184.000000
798 -184.000000
799 -184.000000
800 -184.000000
801 -184.000000
802 -184.000000
803 -184.000000
804 -184.000000
805 -184.000000
806 -184.000000
807 -184.000000
808 -184.000000
809 -184.000000
810 -184.000000
811 -184.000000
812 -184.000000
813 -184.000000
814 -184.000000
815 -184.000000
816 -184.000000
817 -184.000000
818 -184.000000
819 -184.000000
820 -184.000000
821 -184.000000
822 -184.000000
823 -184.000000
824 -184.000000
825 -184.000000
826 -184.000000
827 -184.000000
828 -184.000000
829 -184.000000
830 -184.000000
831 -184.000000
832 -188.000000
833 -188.000000
834 -188.000000
835 -188.000000
836 -188.000000
837 -188.000000
838 -188.000000
839 -188.000000
840 -188.000000
841 -188.000000
842 -188.000000
843 -188.000000
844 -188.000000
845 -188.000000
846 -188.000000
847 -188.000000
848 -188.000000
849 -188.000000
850 -192.000000
851 -192.000000
852 -192.000000
853 -192.000000
854 -192.000000
855 -192.000000
856 -192.000000
857 -192.000000
858 -192.000000
859 -192.000000
860 -192.000000
861 -192.000000
862 -192.000000
863 -192.000000
864 -192.000000
865 -192.000000
866 -192.000000
867 -192.000000
868 -192.000000
869 -192.000000
870 -192.000000
871 -192.000000
872 -192.000000
873 -192.000000
874 -192.000000
875 -192.000000
876 -192.000000
877 -192.000000
878 -192.000000
879 -192.000000
880 -192.000000
881 -192.000000
882 -192.000000
883 -192.000000
884 -192.000000
885 -192.000000
886 -192.000000
887 -192.000000
888 -192.000000
889 -192.000000
890 -192.000000
891 -192.000000
892 -192.000000
893 -192.000000
894 -192.000000
895 -192.000000
896 -192.000000
897 -192.000000
898 -192.000000
899 -192.000000
900 -192.000000
901 -192.000000
902 -192.000000
903 -192.000000
904 -192.000000
905 -192.000000
906 -192.000000
907 -192.000000
908 -192.000000
909 -192.000000
910 -192.000000
911 -192.000000
912 -192.000000
913 -192.000000
914 -192.000000
915 -192.000000
916 -192.000000
917 -192.000000
918 -192.000000
919 -192.000000
920 -192.000000
921 -192.000000
922 -192.000000
923 -192.000000
924 -192.000000
925 -192.000000
926 -192.000000
927 -192.000000
928 -192.000000
929 -192.000000
930 -192.000000
931 -192.000000
932 -192.000000
933 -192.000000
934 -192.000000
935 -192.000000
936 -192.000000
937 -192.000000
938 -192.000000
939 -192.000000
940 -192.000000
941 -192.000000
942 -192.000000
943 -192.000000
944 -192.000000
945 -200.000000
946 -200.000000
947 -200.000000
948 -200.000000
949 -200.000000
950 -200.000000
951 -200.000000
952 -200.000000
953 -200.000000
954 -200.000000
955 -200.000000
956 -200.000000
957 -200.000000
958 -200.000000
959 -200.000000
960 -200.000000
961 -200.000000
962 -200.000000
963 -200.000000
964 -200.000000
965 -200.000000
966 -200.000000
967 -200.000000
968 -200.000000
969 -200.000000
970 -200.000000
971 -200.000000
972 -200.000000
973 -200.000000
974 -200.000000
975 -200.000000
976 -200.000000
977 -200.000000
978 -200.000000
979 -200.000000
980 -200.000000
981 -200.000000
982 -200.000000
983 -200.000000
984 -200.000000
985 -200.000000
986 -200.000000
987 -200.000000
988 -200.000000
989 -200.000000
990 -200.000000
991 -200.000000
992 -200.000000
993 -200.000000
994 -200.000000
995 -200.000000
996 -200.000000
997 -200.000000
998 -200.000000
999 -200.000000
0 20.000000
1 20.000000
2 20.000000
3 16.000000
4 12.000000
5 12.000000
6 12.000000
7 12.000000
8 8.000000
9 8.000000
10 0.000000
11 0.000000
12 0.000000
13 0.000000
14 -4.000000
15 -8.000000
16 -12.000000
17 -12.000000
18 -12.000000
19 -12.000000
20 -12.000000
21 -12.000000
22 -16.000000
23 -16.000000
24 -16.000000
25 -16.000000
26 -16.000000
27 -16.000000
28 -16.000000
29 -16.000000
30 -20.000000
31 -20.000000
32 -24.000000
33 -24.000000
34 -24.000000
35 -28.000000
36 -28.000000
37 -28.000000
38 -28.000000
39 -32.000000
40 -32.000000
41 -32.000000
42 -32.000000
43 -32.000000
44 -32.000000
45 -32.000000
46 -32.000000
47 -32.000000
48 -32.000000
49 -36.000000
50 -36.000000
51 -36.000000
52 -44.000000
53 -48.000000
54 -52.000000
55 -52.000000
56 -52.000000
57 -52.000000
58 -52.000000
59 -52.000000
60 -52.000000
61 -52.000000
62 -52.000000
63 -52.000000
64 -52.000000
65 -52.000000
66 -60.000000
67 -60.000000
68 -60.000000
69 -64.000000
70 -64.000000
71 -64.000000
72 -64.000000
73 -64.000000
74 -64.000000
75 -64.000000
76 -64.000000
77 -64.000000
78 -64.000000
79 -64.000000
80 -64.000000
81 -64.000000
82 -64.000000
83 -64.000000
84 -64.000000
85 -64.000000
86 -64.000000
87 -64.000000
88 -68.000000
89 -72.000000
90 -72.000000
91 -76.000000
92 -76.000000
93 -76.000000
94 -76.000000
95 -76.000000
96 -76.000000
97 -76.000000
98 -76.000000
99 -76.000000
100 -76.000000
101 -76.000000
102 -76.000000
103 -76.000000
104 -76.000000
105 -76.000000
106 -76.000000
107 -76.000000
108 -76.000000
109 -76.000000
110 -76.000000
111 -76.000000
112 -76.000000
113 -76.000000
114 -76.000000
115 -76.000000
116 -76.000000
117 -80.000000
118 -80.000000
119 -80.000000
120 -80.000000
121 -80.000000
122 -80.000000
123 -80.000000
124 -80.000000
125 -84.000000
126 -84.000000
127 -84.000000
128 -88.000000
129 -88.000000
130 -88.000000
131 -88.000000
132 -88.000000
133 -88.000000
134 -88.000000
135 -88.000000
136 -88.000000
137 -88.000000
138 -88.000000
139 -88.000000
140 -88.000000
141 -88.000000
142 -88.000000
143 -88.000000
144 -88.000000
145 -88.000000
146 -88.000000
147 -88.000000
148 -88.000000
149 -88.000000
150 -88.000000
151 -88.000000
152 -88.000000
153 -88.000000
154 -88.000000
155 -88.000000
156 -88.000000
157 -88.000000
158 -88.000000
159 -88.000000
160 -88.000000
161 -88.000000
162 -88.000000
163 -88.000000
164 -88.000000
165 -88.000000
166 -88.000000
167 -92.000000
168 -92.000000
169 -92.000000
170 -96.000000
171 -96.000000
172 -100.000000
173 -100.000000
174 -100.000000
175 -100.000000
176 -100.000000
177 -100.000000
178 -100.000000
179 -100.000000
180 -100.000000
181 -100.000000
182 -104.000000
183 -104.000000
184 -104.000000
185 -104.000000
186 -104.000000
187 -104.000000
188 -104.000000
189 -104.000000
190 -108.000000
191 -108.000000
192 -108.000000
193 -108.000000
194 -108.000000
195 -108.000000
196 -108.000000
197 -108.000000
198 -108.000000
199 -108.000000
200 -108.000000
201 -108.000000
202 -108.000000
203 -108.000000
204 -108.000000
205 -108.000000
206 -112.000000
207 -112.000000
208 -112.000000
209 -112.000000
210 -112.000000
211 -112.000000
212 -112.000000
213 -112.000000
214 -112.000000
215 -112.000000
216 -112.000000
217 -112.000000
218 -112.000000
219 -112.000000
220 -112.000000
221 -112.000000
222 -112.000000
223 -112.000000
224 -112.000000
225 -112.000000
226 -112.000000
227 -112.000000
228 -112.000000
229 -112.000000
230 -112.000000
231 -112.000000
232 -112.000000
233 -112.000000
234 -112.000000
235 -112.000000
236 -112.000000
237 -112.000000
238 -112.000000
239 -112.000000
240 -112.000000
241 -112.000000
242 -112.000000
243 -112.000000
244 -112.000000
245 -112.000000
246 -112.000000
247 -112.000000
248 -112.000000
249 -112.000000
250 -120.000000
251 -120.000000
252 -120.000000
253 -120.000000
254 -120.000000
255 -120.000000
256 -120.000000
257 -120.000000
258 -120.000000
259 -120.000000
260 -120.000000
261 -120.000000
262 -120.000000
263 -120.000000
264 -120.000000
265 -120.000000
266 -120.000000
267 -120.000000
268 -120.000000
269 -120.000000
270 -120.000000
271 -120.000000
272 -120.000000
273 -120.000000
274 -120.000000
275 -120.000000
276 -120.000000
277 -120.000000
278 -120.000000
279 -120.000000
280 -124.000000
281 -124.000000
282 -124.000000
283 -124.000000
284 -124.000000
285 -124.000000
286 -124.000000
287 -124.000000
288 -124.000000
289 -124.000000
290 -124.000000
291 -124.000000
292 -124.000000
293 -124.000000
294 -124.000000
295 -124.000000
296 -124.000000
297 -124.000000
298 -124.000000
299 -124.000000
300 -124.000000
301 -124.000000
302 -124.000000
303 -124.000000
304 -124.000000
305 -124.000000
306 -124.000000
307 -124.000000
308 -124.000000
309 -124.000000
310 -124.000000
311 -124.000000
312 -124.000000
313 -124.000000
314 -124.000000
315 -124.000000
316 -128.000000
317 -128.000000
318 -128.000000
319 -128.000000
320 -128.000000
321 -128.000000
322 -128.000000
323 -128.000000
324 -128.000000
325 -128.000000
326 -128.000000
327 -128.000000
328 -128.000000
329 -128.000000
330 -128.000000
331 -128.000000
332 -128.000000
333 -128.000000
334 -128.000000
335 -128.000000
336 -128.000000
337 -128.000000
338 -128.000000
339 -128.000000
340 -128.000000
341 -128.000000
342 -128.000000
343 -128.000000
344 -128.000000
345 -128.000000
346 -128.000000
347 -128.000000
348 -128.000000
349 -128.000000
350 -128.000000
351 -128.000000
352 -128.000000
353 -128.000000
354 -128.000000
355 -128.000000
356 -128.000000
357 -128.000000
358 -128.000000
359 -128.000000
360 -128.000000
361 -128.000000
362 -128.000000
363 -128.000000
364 -128.000000
365 -128.000000
366 -128.000000
367 -128.000000
368 -128.000000
369 -128.000000
370 -128.000000
371 -128.000000
372 -128.000000
373 -128.000000
374 -128.000000
375 -128.000000
376 -128.000000
377 -128.000000
378 -128.000000
379 -128.000000
380 -128.000000
381 -128.000000
382 -128.000000
383 -128.000000
384 -128.000000
385 -128.000000
386 -128.000000
387 -128.000000
388 -128.000000
389 -128.000000
390 -128.000000
391 -128.000000
392 -128.000000
393 -128.000000
394 -128.000000
395 -128.000000
396 -128.000000
397 -128.000000
398 -128.000000
399 -128.000000
400 -128.000000
401 -128.000000
402 -128.000000
403 -128.000000
404 -128.000000
405 -128.000000
406 -128.000000
407 -128.000000
408 -128.000000
409 -128.000000
410 -128.000000
411 -128.000000
412 -128.000000
413 -128.000000
414 -128.000000
415 -128.000000
416 -128.000000
417 -128.000000
418 -128.000000
419 -132.000000
420 -132.000000
421 -132.000000
422 -132.000000
423 -132.000000
424 -132.000000
425 -132.000000
426 -132.000000
427 -132.000000
428 -132.000000
429 -132.000000
430 -132.000000
431 -132.000000
432 -132.000000
433 -132.000000
434 -132.000000
435 -132.000000
436 -132.000000
437 -132.000000
438 -132.000000
439 -132.000000
440 -132.000000
441 -132.000000
442 -132.000000
443 -132.000000
444 -132.000000
445 -132.000000
446 -132.000000
447 -132.000000
448 -132.000000
449 -132.000000
450 -132.000000
451 -132.000000
452 -132.000000
453 -132.000000
454 -132.000000
455 -132.000000
456 -132.000000
457 -132.000000
458 -132.000000
459 -132.000000
460 -132.000000
461 -132.000000
462 -132.000000
463 -132.000000
464 -132.000000
465 -132.000000
466 -132.000000
467 -132.000000
468 -132.000000
469 -132.000000
470 -132.000000
471 -132.000000
472 -132.000000
473 -132.000000
474 -132.000000
475 -132.000000
476 -136.000000
477 -136.000000
478 -136.000000
479 -136.000000
480 -136.000000
481 -136.000000
482 -136.000000
483 -136.000000
484 -136.000000
485 -136.000000
486 -136.000000
487 -136.000000
488 -136.000000
489 -136.000000
490 -136.000000
491 -136.000000
492 -136.000000
493 -136.000000
494 -136.000000
495 -136.000000
496 -136.000000
497 -136.000000
498 -136.000000
499 -136.000000
500 -136.000000
501 -136.000000
502 -136.000000
503 -136.000000
504 -136.000000
505 -136.000000
506 -136.000000
507 -136.000000
508 -136.000000
509 -136.000000
510 -136.000000
511 -136.000000
512 -136.000000
513 -136.000000
514 -136.000000
515 -136.000000
516 -136.000000
517 -136.000000
518 -136.000000
519 -136.000000
520 -136.000000
521 -136.000000
522 -136.000000
523 -136.000000
524 -136.000000
525 -136.000000
526 -136.000000
527 -136.000000
528 -136.000000
529 -136.000000
530 -136.000000
531 -136.000000
532 -140.000000
533 -140.000000
534 -140.000000
535 -140.000000
536 -140.000000
537 -140.000000
538 -140.000000
539 -140.000000
540 -140.000000
541 -140.000000
542 -140.000000
543 -140.000000
544 -140.000000
545 -140.000000
546 -140.000000
547 -140.000000
548 -140.000000
549 -140.000000
550 -140.000000
551 -140.000000
552 -140.000000
553 -140.000000
554 -140.000000
555 -140.000000
556 -140.000000
557 -140.000000
558 -140.000000
559 -140.000000
560 -140.000000
561 -140.000000
562 -140.000000
563 -144.000000
564 -144.000000
565 -144.000000
566 -144.000000
567 -144.000000
568 -144.000000
569 -144.000000
570 -144.000000
571 -144.000000
572 -144.000000
573 -144.000000
574 -144.000000
575 -144.000000
576 -144.000000
577 -144.000000
578 -144.000000
579 -144.000000
580 -144.000000
581 -144.000000
582 -144.000000
583 -144.000000
584 -144.000000
585 -144.000000
586 -144.000000
587 -144.000000
588 -144.000000
589 -144.000000
590 -144.000000
591 -148.000000
592 -148.000000
593 -148.000000
594 -148.000000
595 -148.000000
596 -148.000000
597 -148.000000
598 -148.000000
599 -148.000000
600 -148.000000
601 -148.000000
602 -148.000000
603 -148.000000
604 -148.000000
605 -148.000000
606 -148.000000
607 -148.000000
608 -148.000000
609 -148.000000
610 -148.000000
611 -148.000000
612 -148.000000
613 -148.000000
614 -148.000000
615 -148.000000
616 -148.000000
617 -148.000000
618 -148.000000
619 -148.000000
620 -148.000000
621 -148.000000
622 -148.000000
623 -148.000000
624 -148.000000
625 -148.000000
626 -148.000000
627 -148.000000
628 -148.000000
629 -148.000000
630 -148.000000
631 -148.000000
632 -148.000000
633 -148.000000
634 -148.000000
635 -148.000000
636 -148.000000
637 -156.000000
638 -156.000000
639 -156.000000
640 -156.000000
641 -156.000000
642 -156.000000
643 -156.000000
644 -156.000000
645 -156.000000
646 -156.000000
647 -156.000000
648 -156.000000
649 -164.000000
650 -164.000000
651 -164.000000
652 -164.000000
653 -164.000000
654 -164.000000
655 -164.000000
656 -164.000000
657 -164.000000
658 -164.000000
659 -164.000000
660 -164.000000
661 -164.000000
662 -168.000000
663 -168.000000
664 -168.000000
665 -168.000000
666 -168.000000
667 -168.000000
668 -168.000000
669 -168.000000
670 -168.000000
671 -168.000000
672 -168.000000
673 -168.000000
674 -172.000000
675 -172.000000
676 -172.000000
677 -172.000000
678 -172.000000
679 -172.000000
680 -172.000000
681 -172.000000
682 -172.000000
683 -172.000000
684 -172.000000
685 -172.000000
686 -172.000000
687 -172.000000
688 -172.000000
689 -172.000000
690 -172.000000
691 -172.000000
692 -172.000000
693 -172.000000
694 -172.000000
695 -172.000000
696 -172.000000
697 -172.000000
698 -176.000000
699 -176.000000
700 -176.000000
701 -176.000000
702 -176.000000
703 -176.000000
704 -176.000000
705 -176.000000
706 -176.000000
707 -176.000000
708 -176.000000
709 -176.000000
710 -176.000000
711 -176.000000
712 -176.000000
713 -180.000000
714 -180.000000
715 -180.000000
716 -180.000000
717 -180.000000
718 -184.000000
719 -184.000000
720 -184.000000
721 -184.000000
722 -184.000000
723 -184.000000
724 -184.000000
725 -184.000000
726 -184.000000
727 -184.000000
728 -184.000000
729 -184.000000
730 -184.000000
731 -184.000000
732 -184.000000
733 -184.000000
734 -184.000000
735 -184.000000
736 -184.000000
737 -184.000000
738 -184.000000
739 -184.000000
740 -184.000000
741 -184.000000
742 -184.000000
743 -184.000000
744 -184.000000
745 -184.000000
746 -184.000000
747 -184.000000
748 -184.000000
749 -184.000000
750 -184.000000
751 -184.000000
752 -184.000000
753 -184.000000
754 -184.000000
755 -184.000000
756 -184.000000
757 -184.000000
758 -184.000000
759 -184.000000
760 -184.000000
761 -184.000000
762 -184.000000
763 -184.000000
764 -184.000000
765 -184.000000
766 -184.000000
767 -184.000000
768 -184.000000
769 -184.000000
770 -184.000000
771 -184.000000
772 -184.000000
773 -184.000000
774 -184.000000
775 -184.000000
776 -184.000000
777 -184.000000
778 -184.000000
779 -184.000000
780 -184.000000
781 -184.000000
782 -184.000000
783 -184.000000
784 -184.000000
785 -184.000000
786 -184.000000
787 -184.000000
788 -184.000000
789 -184.000000
790 -184.000000
791 -184.000000
792 -184.000000
793 -184.000000
794 -184.000000
795 -184.000000
796 -184.000000
797 -184.000000
798 -184.000000
799 -184.000000
800 -184.000000
801 -184.000000
802 -184.000000
803 -184.000000
804 -184.000000
805 -184.000000
806 -184.000000
807 -184.000000
808 -184.000000
809 -184.000000
810 -184.000000
811 -184.000000
812 -184.000000
813 -184.000000
814 -184.000000
815 -184.000000
816 -184.000000
817 -192.000000
818 -192.000000
819 -192.000000
820 -192.000000
821 -192.000000
822 -192.000000
823 -192.000000
824 -192.000000
825 -192.000000
826 -192.000000
827 -192.000000
828 -192.000000
829 -192.000000
830 -192.000000
831 -192.000000
832 -192.000000
833 -192.000000
834 -192.000000
835 -192.000000
836 -192.000000
837 -192.000000
838 -192.000000
839 -192.000000
840 -192.000000
841 -192.000000
842 -192.000000
843 -192.000000
844 -192.000000
845 -200.000000
846 -200.000000
847 -200.000000
848 -200.000000
849 -200.000000
850 -200.000000
851 -200.000000
852 -200.000000
853 -200.000000
854 -200.000000
855 -200.000000
856 -200.000000
857 -200.000000
858 -200.000000
859 -200.000000
860 -200.000000
861 -200.000000
862 -200.000000
863 -200.000000
864 -200.000000
865 -200.000000
866 -200.000000
867 -200.000000
868 -200.000000
869 -200.000000
870 -200.000000
871 -200.000000
872 -200.000000
873 -200.000000
874 -200.000000
875 -200.000000
876 -200.000000
877 -200.000000
878 -200.000000
879 -200.000000
880 -200.000000
881 -200.000000
882 -200.000000
883 -200.000000
884 -200.000000
885 -200.000000
886 -200.000000
887 -200.000000
888 -200.000000
889 -200.000000
890 -200.000000
891 -200.000000
892 -200.000000
893 -200.000000
894 -200.000000
895 -200.000000
896 -200.000000
897 -200.000000
898 -200.000000
899 -200.000000
900 -200.000000
901 -200.000000
902 -200.000000
903 -200.000000
904 -200.000000
905 -200.000000
906 -200.000000
907 -200.000000
908 -200.000000
909 -200.000000
910 -200.000000
911 -200.000000
912 -200.000000
913 -200.000000
914 -200.000000
915 -200.000000
916 -200.000000
917 -200.000000
918 -200.000000
919 -200.000000
920 -200.000000
921 -200.000000
922 -200.000000
923 -200.000000
924 -200.000000
925 -200.000000
926 -200.000000
927 -200.000000
928 -200.000000
929 -200.000000
930 -200.000000
931 -200.000000
932 -200.000000
933 -200.000000
934 -200.000000
935 -200.000000
936 -200.000000
937 -200.000000
938 -200.000000
939 -200.000000
940 -200.000000
941 -200.000000
942 -200.000000
943 -200.000000
944 -200.000000
945 -200.000000
946 -200.000000
947 -200.000000
948 -200.000000
949 -200.000000
950 -200.000000
951 -200.000000
952 -200.000000
953 -200.000000
954 -200.000000
955 -200.000000
956 -200.000000
957 -200.000000
958 -200.000000
959 -200.000000
960 -200.000000
961 -200.000000
962 -200.000000
963 -200.000000
964 -200.000000
965 -200.000000
966 -200.000000
967 -200.000000
968 -200.000000
969 -200.000000
970 -200.000000
971 -200.000000
972 -200.000000
973 -200.000000
974 -200.000000
975 -200.000000
976 -200.000000
977 -200.000000
978 -200.000000
979 -200.000000
980 -200.000000
981 -200.000000
982 -200.000000
983 -200.000000
984 -200.000000
985 -200.000000
986 -200.000000
987 -200.000000
988 -200.000000
989 -200.000000
990 -200.000000
991 -200.000000
992 -200.000000
993 -200.000000
994 -200.000000
995 -200.000000
996 -200.000000
997 -200.000000
998 -200.000000
999 -200.000000
