0 8
1 10
2 12
3 10
4 12
5 14
6 16
7 14
8 12
9 10
10 12
11 10
12 10
13 10
14 12
15 10
16 10
17 12
18 14
19 16
20 18
21 18
22 18
23 18
24 16
25 16
26 16
27 16
28 16
29 16
30 18
31 20
32 18
33 20
34 18
35 18
36 20
37 20
38 20
39 20
40 20
41 22
42 24
43 24
44 24
45 24
46 22
47 22
48 22
49 24
50 24
51 24
52 24
53 24
54 24
55 22
56 24
57 24
58 24
59 24
60 24
61 24
62 24
63 24
64 26
65 26
66 26
67 26
68 28
69 30
70 30
71 30
72 30
73 32
74 32
75 32
76 32
77 32
78 32
79 32
80 32
81 34
82 34
83 34
84 34
85 34
86 34
87 36
88 36
89 36
90 36
91 38
92 40
93 38
94 38
95 36
96 36
97 38
98 40
99 40
100 40
101 40
102 40
103 40
104 40
105 40
106 40
107 42
108 42
109 42
110 44
111 44
112 44
113 44
114 44
115 44
116 46
117 46
118 44
119 44
120 44
121 42
122 44
123 44
124 44
125 44
126 44
127 44
128 44
129 44
130 44
131 44
132 44
133 44
134 46
135 46
136 48
137 48
138 48
139 46
140 46
141 46
142 48
143 48
144 46
145 46
146 48
147 48
148 48
149 48
150 48
151 48
152 48
153 48
154 48
155 48
156 50
157 48
158 48
159 50
160 50
161 50
162 50
163 50
164 50
165 50
166 50
167 52
168 52
169 54
170 54
171 54
172 54
173 54
174 54
175 54
176 54
177 54
178 56
179 56
180 56
181 56
182 56
183 56
184 56
185 56
186 56
187 56
188 58
189 58
190 58
191 58
192 58
193 58
194 58
195 58
196 58
197 58
198 58
199 58
200 60
201 60
202 60
203 60
204 60
205 60
206 60
207 60
208 60
209 60
210 60
211 60
212 62
213 64
214 64
215 64
216 64
217 64
218 64
219 64
220 64
221 64
222 66
223 66
224 68
225 68
226 68
227 68
228 68
229 68
230 68
231 68
232 68
233 68
234 68
235 68
236 68
237 68
238 68
239 68
240 70
241 70
242 70
243 70
244 70
245 70
246 70
247 70
248 70
249 70
250 70
251 72
252 72
253 72
254 72
255 72
256 72
257 72
258 72
259 70
260 70
261 70
262 70
263 70
264 70
265 70
266 70
267 70
268 70
269 72
270 72
271 72
272 72
273 72
274 72
275 72
276 72
277 72
278 72
279 72
280 72
281 72
282 72
283 72
284 72
285 72
286 72
287 72
288 74
289 74
290 74
291 74
292 74
293 74
294 74
295 74
296 74
297 74
298 74
299 74
300 74
301 74
302 74
303 74
304 74
305 74
306 74
307 74
308 74
309 74
310 74
311 74
312 74
313 74
314 74
315 74
316 74
317 74
318 74
319 74
320 74
321 74
322 74
323 74
324 74
325 74
326 74
327 74
328 74
329 74
330 74
331 74
332 74
333 74
334 74
335 74
336 74
337 74
338 74
339 74
340 74
341 76
342 76
343 76
344 78
345 78
346 78
347 78
348 78
349 78
350 78
351 78
352 78
353 78
354 78
355 80
356 80
357 80
358 82
359 82
360 82
361 82
362 82
363 82
364 82
365 82
366 84
367 84
368 84
369 84
370 84
371 84
372 84
373 82
374 82
375 82
376 82
377 82
378 82
379 82
380 82
381 82
382 82
383 82
384 82
385 82
386 82
387 82
388 82
389 82
390 82
391 82
392 82
393 82
394 82
395 82
396 82
397 82
398 82
399 82
400 82
401 82
402 82
403 82
404 82
405 82
406 82
407 82
408 82
409 82
410 82
411 80
412 80
413 80
414 80
415 80
416 82
417 82
418 82
419 82
420 82
421 82
422 82
423 82
424 82
425 82
426 82
427 82
428 82
429 82
430 82
431 82
432 82
433 82
434 80
435 78
436 78
437 78
438 78
439 78
440 78
441 78
442 78
443 78
444 78
445 78
446 78
447 78
448 78
449 78
450 78
451 76
452 76
453 76
454 76
455 76
456 76
457 76
458 76
459 76
460 76
461 76
462 76
463 76
464 76
465 74
466 74
467 74
468 74
469 74
470 74
471 74
472 76
473 76
474 76
475 76
476 76
477 76
478 76
479 74
480 74
481 74
482 74
483 74
484 74
485 74
486 74
487 74
488 74
489 74
490 74
491 74
492 74
493 74
494 74
495 74
496 74
497 74
498 74
499 74
500 74
501 74
502 74
503 74
504 72
505 72
506 72
507 72
508 72
509 72
510 72
511 72
512 72
513 72
514 72
515 72
516 72
517 72
518 72
519 72
520 74
521 74
522 74
523 74
524 74
525 74
526 74
527 74
528 74
529 74
530 74
531 74
532 74
533 74
534 74
535 74
536 74
537 74
538 74
539 74
540 74
541 74
542 74
543 74
544 74
545 74
546 74
547 76
548 76
549 76
550 78
551 78
552 78
553 78
554 78
555 78
556 78
557 78
558 78
559 78
560 78
561 78
562 78
563 78
564 78
565 78
566 78
567 78
568 78
569 78
570 78
571 78
572 78
573 78
574 78
575 78
576 78
577 78
578 78
579 78
580 78
581 78
582 78
583 78
584 78
585 78
586 80
587 80
588 80
589 80
590 80
591 80
592 80
593 80
594 80
595 80
596 80
597 80
598 80
599 80
600 80
601 80
602 80
603 82
604 82
605 82
606 82
607 82
608 82
609 82
610 82
611 82
612 82
613 82
614 82
615 82
616 82
617 82
618 82
619 82
620 82
621 82
622 82
623 82
624 82
625 82
626 82
627 82
628 82
629 82
630 82
631 82
632 82
633 82
634 82
635 82
636 84
637 84
638 86
639 86
640 86
641 86
642 86
643 86
644 86
645 86
646 86
647 86
648 86
649 86
650 86
651 86
652 86
653 88
654 88
655 88
656 88
657 88
658 88
659 88
660 88
661 88
662 88
663 88
664 88
665 88
666 88
667 88
668 88
669 88
670 90
671 90
672 90
673 90
674 90
675 90
676 90
677 90
678 90
679 90
680 90
681 90
682 90
683 90
684 88
685 88
686 88
687 88
688 88
689 88
690 88
691 88
692 88
693 88
694 88
695 88
696 88
697 88
698 88
699 88
700 88
701 88
702 88
703 88
704 88
705 88
706 88
707 88
708 88
709 88
710 88
711 88
712 88
713 88
714 88
715 88
716 88
717 88
718 88
719 88
720 88
721 88
722 90
723 90
724 90
725 90
726 90
727 90
728 90
729 90
730 90
731 90
732 90
733 92
734 92
735 92
736 92
737 92
738 92
739 92
740 92
741 92
742 92
743 92
744 92
745 92
746 92
747 92
748 92
749 92
750 92
751 92
752 92
753 92
754 92
755 92
756 92
757 92
758 92
759 92
760 92
761 92
762 92
763 92
764 92
765 92
766 92
767 92
768 92
769 92
770 92
771 92
772 92
773 92
774 92
775 92
776 92
777 92
778 92
779 92
780 92
781 92
782 92
783 92
784 92
785 92
786 92
787 92
788 92
789 92
790 92
791 92
792 92
793 92
794 92
795 92
796 92
797 94
798 94
799 94
800 94
801 94
802 94
803 94
804 94
805 94
806 94
807 94
808 94
809 94
810 94
811 94
812 94
813 94
814 94
815 94
816 94
817 94
818 94
819 94
820 94
821 94
822 94
823 94
824 94
825 94
826 94
827 94
828 94
829 94
830 94
831 94
832 96
833 96
834 96
835 96
836 96
837 96
838 96
839 96
840 96
841 96
842 96
843 96
844 96
845 96
846 96
847 96
848 96
849 96
850 98
851 98
852 98
853 98
854 98
855 98
856 98
857 98
858 98
859 98
860 98
861 98
862 98
863 98
864 98
865 98
866 98
867 98
868 98
869 98
870 98
871 98
872 98
873 98
874 98
875 98
876 98
877 98
878 98
879 98
880 98
881 98
882 98
883 98
884 98
885 98
886 98
887 98
888 98
889 98
890 98
891 98
892 98
893 98
894 98
895 98
896 98
897 98
898 98
899 98
900 98
901 98
902 98
903 98
904 98
905 98
906 98
907 98
908 98
909 98
910 98
911 98
912 98
913 98
914 98
915 98
916 98
917 98
918 98
919 98
920 98
921 98
922 98
923 98
924 98
925 98
926 98
927 98
928 98
929 98
930 98
931 98
932 98
933 98
934 98
935 98
936 98
937 98
938 98
939 98
940 98
941 98
942 98
943 98
944 98
945 100
946 100
947 100
948 100
949 100
950 100
951 100
952 100
953 100
954 100
955 100
956 100
957 100
958 100
959 100
960 100
961 100
962 100
963 100
964 100
965 100
966 100
967 100
968 100
969 100
970 100
971 100
972 100
973 100
974 100
975 100
976 100
977 100
978 100
979 100
980 100
981 100
982 100
983 100
984 100
985 100
986 100
987 100
988 100
989 100
990 100
991 100
992 100
993 100
994 100
995 100
996 100
997 100
998 100
999 100
0 10
1 12
2 14
3 16
4 18
5 20
6 18
7 18
8 20
9 18
10 20
11 20
12 20
13 18
14 16
15 18
16 16
17 18
18 16
19 14
20 16
21 14
22 16
23 18
24 18
25 20
26 22
27 22
28 24
29 24
30 26
31 24
32 26
33 24
34 24
35 22
36 24
37 26
38 24
39 22
40 22
41 22
42 22
43 22
44 22
45 20
46 20
47 20
48 20
49 22
50 22
51 22
52 24
53 22
54 24
55 24
56 24
57 24
58 22
59 22
60 22
61 20
62 20
63 18
64 16
65 18
66 20
67 20
68 22
69 20
70 20
71 22
72 22
73 22
74 20
75 20
76 20
77 20
78 22
79 22
80 24
81 24
82 26
83 24
84 24
85 24
86 26
87 24
88 26
89 24
90 24
91 26
92 26
93 24
94 24
95 24
96 24
97 24
98 24
99 22
100 22
101 22
102 22
103 22
104 22
105 20
106 22
107 22
108 22
109 22
110 22
111 20
112 22
113 22
114 22
115 22
116 24
117 22
118 22
119 24
120 26
121 24
122 24
123 22
124 24
125 26
126 26
127 24
128 26
129 26
130 26
131 26
132 26
133 28
134 28
135 28
136 26
137 26
138 26
139 24
140 24
141 24
142 24
143 24
144 24
145 24
146 22
147 22
148 24
149 24
150 26
151 26
152 26
153 26
154 28
155 28
156 30
157 30
158 30
159 32
160 32
161 30
162 30
163 30
164 30
165 30
166 32
167 34
168 34
169 32
170 34
171 36
172 34
173 34
174 34
175 34
176 34
177 32
178 32
179 32
180 32
181 32
182 34
183 36
184 36
185 36
186 34
187 32
188 32
189 32
190 34
191 34
192 34
193 36
194 36
195 36
196 36
197 36
198 36
199 36
200 36
201 38
202 38
203 38
204 38
205 38
206 40
207 40
208 38
209 38
210 36
211 36
212 36
213 36
214 36
215 38
216 38
217 38
218 38
219 38
220 38
221 36
222 36
223 36
224 36
225 36
226 34
227 34
228 34
229 34
230 34
231 34
232 34
233 34
234 34
235 34
236 34
237 34
238 34
239 34
240 34
241 34
242 34
243 34
244 34
245 34
246 34
247 34
248 34
249 34
250 36
251 34
252 34
253 34
254 34
255 34
256 34
257 34
258 34
259 34
260 36
261 36
262 36
263 34
264 36
265 36
266 36
267 36
268 36
269 36
270 34
271 34
272 34
273 34
274 34
275 34
276 34
277 34
278 32
279 32
280 34
281 36
282 36
283 36
284 36
285 34
286 34
287 34
288 34
289 34
290 34
291 34
292 34
293 34
294 34
295 34
296 34
297 34
298 34
299 34
300 34
301 34
302 34
303 34
304 34
305 34
306 34
307 34
308 36
309 36
310 36
311 36
312 38
313 40
314 40
315 40
316 42
317 42
318 42
319 42
320 42
321 42
322 42
323 42
324 44
325 44
326 44
327 46
328 48
329 48
330 48
331 50
332 50
333 50
334 50
335 50
336 50
337 50
338 50
339 48
340 46
341 46
342 46
343 46
344 46
345 46
346 46
347 44
348 44
349 42
350 42
351 42
352 42
353 42
354 42
355 42
356 42
357 42
358 40
359 40
360 40
361 40
362 40
363 40
364 40
365 42
366 40
367 40
368 40
369 40
370 40
371 40
372 40
373 40
374 40
375 38
376 38
377 38
378 38
379 38
380 38
381 38
382 38
383 38
384 38
385 40
386 40
387 40
388 40
389 42
390 42
391 44
392 44
393 44
394 44
395 44
396 44
397 44
398 44
399 44
400 44
401 46
402 44
403 44
404 44
405 44
406 44
407 44
408 42
409 42
410 42
411 42
412 40
413 40
414 40
415 42
416 42
417 42
418 42
419 44
420 44
421 44
422 44
423 44
424 44
425 46
426 48
427 48
428 48
429 48
430 48
431 50
432 50
433 50
434 50
435 50
436 52
437 54
438 54
439 54
440 54
441 54
442 54
443 54
444 56
445 56
446 56
447 56
448 56
449 56
450 56
451 56
452 56
453 54
454 52
455 50
456 48
457 48
458 48
459 48
460 48
461 48
462 48
463 48
464 48
465 48
466 48
467 48
468 48
469 48
470 48
471 48
472 48
473 48
474 48
475 48
476 50
477 50
478 50
479 50
480 50
481 50
482 50
483 50
484 50
485 50
486 50
487 50
488 50
489 50
490 50
491 48
492 48
493 48
494 48
495 48
496 48
497 48
498 48
499 48
500 48
501 48
502 48
503 48
504 48
505 48
506 48
507 50
508 50
509 50
510 50
511 50
512 50
513 50
514 52
515 54
516 54
517 54
518 54
519 54
520 54
521 56
522 56
523 56
524 58
525 58
526 58
527 56
528 54
529 54
530 54
531 54
532 56
533 56
534 56
535 56
536 56
537 56
538 56
539 56
540 56
541 56
542 56
543 56
544 56
545 58
546 58
547 58
548 58
549 58
550 58
551 58
552 60
553 60
554 60
555 60
556 60
557 60
558 60
559 60
560 60
561 60
562 60
563 62
564 62
565 64
566 64
567 64
568 64
569 64
570 64
571 64
572 64
573 64
574 64
575 64
576 64
577 64
578 64
579 64
580 64
581 64
582 64
583 64
584 64
585 64
586 66
587 66
588 66
589 66
590 66
591 68
592 68
593 68
594 68
595 70
596 70
597 72
598 72
599 72
600 72
601 72
602 72
603 72
604 72
605 72
606 72
607 72
608 72
609 72
610 72
611 72
612 72
613 72
614 72
615 72
616 74
617 74
618 74
619 74
620 72
621 72
622 72
623 72
624 74
625 74
626 74
627 74
628 74
629 74
630 74
631 74
632 76
633 76
634 78
635 78
636 78
637 80
638 80
639 80
640 80
641 80
642 80
643 80
644 80
645 80
646 80
647 80
648 80
649 82
650 82
651 82
652 84
653 84
654 84
655 84
656 84
657 84
658 84
659 84
660 84
661 84
662 86
663 86
664 86
665 86
666 86
667 88
668 88
669 88
670 88
671 88
672 88
673 88
674 90
675 90
676 90
677 90
678 90
679 90
680 90
681 90
682 90
683 90
684 90
685 90
686 90
687 90
688 90
689 90
690 90
691 90
692 90
693 90
694 90
695 90
696 90
697 90
698 92
699 92
700 92
701 92
702 92
703 92
704 92
705 92
706 92
707 92
708 92
709 92
710 92
711 92
712 92
713 94
714 94
715 94
716 94
717 94
718 96
719 96
720 96
721 96
722 96
723 96
724 96
725 96
726 96
727 96
728 96
729 96
730 96
731 96
732 96
733 96
734 96
735 96
736 96
737 96
738 96
739 96
740 96
741 96
742 96
743 96
744 96
745 96
746 96
747 96
748 96
749 96
750 96
751 96
752 96
753 96
754 96
755 96
756 96
757 96
758 96
759 96
760 96
761 96
762 96
763 96
764 96
765 96
766 96
767 96
768 96
769 96
770 96
771 96
772 96
773 96
774 96
775 96
776 96
777 96
778 96
779 96
780 96
781 96
782 96
783 96
784 96
785 96
786 96
787 96
788 96
789 96
790 96
791 96
792 96
793 96
794 96
795 96
796 96
797 96
798 96
799 96
800 96
801 96
802 96
803 96
804 96
805 96
806 96
807 96
808 96
809 96
810 96
811 96
812 96
813 96
814 96
815 96
816 96
817 98
818 98
819 98
820 98
821 98
822 98
823 98
824 98
825 98
826 98
827 98
828 98
829 98
830 98
831 98
832 98
833 98
834 98
835 98
836 98
837 98
838 98
839 98
840 98
841 98
842 98
843 98
844 98
845 100
846 100
847 100
848 100
849 100
850 100
851 100
852 100
853 100
854 100
855 100
856 100
857 100
858 100
859 100
860 100
861 100
862 100
863 100
864 100
865 100
866 100
867 100
868 100
869 100
870 100
871 100
872 100
873 100
874 100
875 100
876 100
877 100
878 100
879 100
880 100
881 100
882 100
883 100
884 100
885 100
886 100
887 100
888 100
889 100
890 100
891 100
892 100
893 100
894 100
895 100
896 100
897 100
898 100
899 100
900 100
901 100
902 100
903 100
904 100
905 100
906 100
907 100
908 100
909 100
910 100
911 100
912 100
913 100
914 100
915 100
916 100
917 100
918 100
919 100
920 100
921 100
922 100
923 100
924 100
925 100
926 100
927 100
928 100
929 100
930 100
931 100
932 100
933 100
934 100
935 100
936 100
937 100
938 100
939 100
940 100
941 100
942 100
943 100
944 100
945 100
946 100
947 100
948 100
949 100
950 100
951 100
952 100
953 100
954 100
955 100
956 100
957 100
958 100
959 100
960 100
961 100
962 100
963 100
964 100
965 100
966 100
967 100
968 100
969 100
970 100
971 100
972 100
973 100
974 100
975 100
976 100
977 100
978 100
979 100
980 100
981 100
982 100
983 100
984 100
985 100
986 100
987 100
988 100
989 100
990 100
991 100
992 100
993 100
994 100
995 100
996 100
997 100
998 100
999 100
